vrsta zapisa: 0 - raspored uredaja po mjestima, 1 - raspored senzora po aktuatorima
vrsta zapisa: 0;id mjesta;vrsta: 0 - senzor, 1 - aktuator;id modela uredaja;id uredaja
vrsta zapisa: 1;id aktuatora;id senzor [,id senzora]{n}
0;1;0;14;1000
0;1;0;16;1001
0;1;1;100;1002
0;2;0;14;1003
0;2;0;16;1004
0;2;1;100;1005
0;3;0;10;1006
0;3;0;14;1007
0;3;0;15;1008
0;3;0;16;1009
0;3;0;17;1010
0;3;0;18;1011
0;3;0;10;1012
0;3;1;101;1013
0;3;1;100;1014
0;4;0;11;1015
0;4;0;15;1016
0;4;0;16;1017
0;4;0;16;1022
0;4;0;16;1023
0;4;1;100;1018
0;4;1;102;1019
0;4;1;105;1020
0;4;1;106;1021
0;5;0;11;1024
0;5;0;12;1025
0;5;0;13;1032
0;5;0;15;1026
0;5;0;16;1027
0;5;0;16;1028
0;5;1;100;1029
0;5;1;105;1030
0;5;1;106;1031
0;6;0;16;1033
0;6;0;16;1034
0;6;0;16;1035
0;6;1;100;1036
0;6;1;102;1037
0;6;1;105;1038
0;7;0;11;1039
0;7;0;12;1040
0;7;0;14;1041
0;7;0;15;1042
0;7;0;16;1043
0;7;0;16;1044
0;7;0;16;1045
0;7;1;100;1046
0;7;1;104;1047
0;7;1;105;1048
0;7;1;106;1049
0;7;1;107;1050
1;1002;1000,1001
1;1005;1003,1004
1;1013;1006,1008,1010,1011
1;1014;1006,1012,1009
1;1018;1017
1;1019;1017,1022
1;1020;1016
1;1021;1015,1023
1;1029;1027
1;1030;1026
1;1031;1024,1025,1032,1028
1;1036;1033
1;1037;1034
1;1038;1035
1;1046;1043
1;1047;1041,1044
1;1048;1042,1045
1;1049;1045
1;1050;1041,1044
1;1050;12,13
1;107;14,15
1;107;11,12